181,6
181,5
181,4
181,3
181,2
181,1
181,0
177,6
177,5
177,4
177,3
177,2
177,1
177,0
173,6
173,5
173,4
173,3
173,2
173,1
173,0
169,6
169,5
169,4
169,3
169,2
169,1
169,0
165,6
165,5
165,4
165,3
165,2
165,1
165,0
161,5
161,4
161,3
161,2
161,1
161,0
158,5
158,4
158,3
158,2
158,1
158,0
155,6
155,5
155,4
155,3
155,2
155,1
155,0
151,6
151,5
151,4
151,3
151,2
151,1
151,0
147,6
147,5
147,4
147,3
147,2
147,1
147,0
143,8
143,7
143,6
143,5
143,4
143,3
143,2
143,1
143,0
137,6
137,5
137,4
137,3
137,2
137,1
137,0
133,7
133,6
133,5
133,4
133,3
133,2
133,1
133,0
128,6
128,5
128,4
128,3
128,2
128,1
128,0
124,5
124,4
124,3
124,2
124,1
124,0
121,5
121,4
121,3
121,2
121,1
121,0
118,6
118,5
118,4
118,3
118,2
118,1
118,0
114,7
114,6
114,5
114,4
114,3
114,2
114,1
114,0
109,6
109,5
109,4
109,3
109,2
109,1
109,0
105,5
105,4
105,3
105,2
105,1
105,0
102,5
102,4
102,3
102,2
102,1
102,0
99,6
99,5
99,4
99,3
99,2
99,1
99,0
95,7
95,6
95,5
95,4
95,3
95,2
95,1
95,0
90,5
90,4
90,3
90,2
90,1
90,0
87,5
87,4
87,3
87,2
87,1
87,0
84,6
84,5
84,4
84,3
84,2
84,1
84,0
80,5
80,4
80,3
80,2
80,1
80,0
77,4
77,3
77,2
77,1
77,0
75,4
75,3
75,2
75,1
75,0
73,4
73,3
73,2
73,1
73,0
71,4
71,3
71,2
71,1
71,0
69,6
69,5
69,4
69,3
69,2
69,1
69,0
65,5
65,4
65,3
65,2
65,1
65,0
62,4
62,3
62,2
62,1
62,0
61,6
61,5
61,4
61,3
61,2
61,1
61,0
57,3
57,2
57,1
57,0
56,4
56,3
56,2
56,1
56,0
54,3
54,2
54,1
54,0
53,4
53,3
53,2
53,1
53,0
51,3
51,2
51,1
51,0
50,4
50,3
50,2
50,1
50,0
48,3
48,2
48,1
48,0
47,4
47,3
47,2
47,1
47,0
45,3
45,2
45,1
45,0
44,4
44,3
44,2
44,1
44,0
42,3
42,2
42,1
42,0
41,5
41,4
41,3
41,2
41,1
41,0
38,5
38,4
38,3
38,2
38,1
38,0
35,3
35,2
35,1
35,0
34,4
34,3
34,2
34,1
34,0
32,6
32,5
32,4
32,3
32,2
32,1
32,0
28,4
28,3
28,2
28,1
28,0
26,4
26,3
26,2
26,1
26,0
24,4
24,3
24,2
24,1
24,0
22,4
22,3
22,2
22,1
22,0
20,3
20,2
20,1
20,0
19,4
19,3
19,2
19,1
19,0
18,3
18,2
18,1
18,0
17,3
17,2
17,1
17,0
16,3
16,2
16,1
16,0
15,4
15,3
15,2
15,1
15,0
13,4
13,3
13,2
13,1
13,0
12,3
12,2
12,1
12,0
11,4
11,3
11,2
11,1
11,0
9,3
9,2
9,1
9,0
8,3
8,2
8,1
8,0
7,3
7,2
7,1
7,0
6,4
6,3
6,2
6,1
6,0
5,3
5,2
5,1
5,0
2,19
2,16
2,15
2,14
2,12
2,10
2,8
2,7
2,6
2,3
2,2
2,0
1,3
0,447
0,446
0,444
0,440
4,3
0,439
0,438
0,422
0,419
0,408
0,329
0,322
0,308
0,307
0,305
0,304
0,303
0,302
0,243
0,12
0,10
0,9
0,8
0,0
0,1
0,421
0,300
0,445
0,299
0,436
0,298
0,297
0,346
0,296
0,417
0,295
0,310
2,1
0,435
0,294
0,441
0,293
0,415
0,292
0,361
0,291
0,413
0,290
0,412
0,289
0,411
0,288
0,287
0,409
0,286
0,420
0,285
0,406
0,284
0,283
0,404
0,282
0,281
0,433
0,280
0,416
0,279
0,414
0,278
0,343
0,277
0,400
0,276
0,407
0,275
0,359
0,274
0,397
0,273
0,396
0,272
0,399
0,271
0,394
0,270
0,393
0,269
0,392
0,268
0,327
0,267
0,390
0,266
0,354
0,265
0,410
0,264
0,348
0,263
0,335
0,262
0,403
0,261
0,351
0,260
0,349
0,259
0,382
0,258
0,398
0,257
0,380
0,256
0,255
0,432
0,254
0,333
0,253
0,377
0,252
0,376
0,251
0,431
0,250
0,375
0,249
0,374
0,248
0,373
0,247
0,372
0,246
0,245
0,429
0,244
0,405
0,242
0,241
0,369
0,240
0,368
0,239
0,395
0,238
0,366
0,237
0,236
0,364
0,235
0,402
0,234
0,388
0,233
0,323
0,232
0,231
0,385
0,230
0,360
0,229
0,386
0,228
0,227
0,226
0,356
0,225
0,384
0,224
0,353
0,223
0,355
0,222
0,352
0,221
0,418
0,220
0,350
0,219
0,401
0,218
0,217
0,347
0,216
0,426
0,215
0,387
0,214
0,345
0,213
0,344
0,212
0,425
0,211
0,381
0,210
0,342
0,209
0,341
0,208
0,340
0,207
0,318
0,206
0,437
0,205
0,204
0,338
0,203
0,337
0,202
0,336
0,201
0,316
0,200
0,334
0,199
0,314
0,198
0,332
0,197
0,331
0,196
0,195
0,378
0,194
0,328
0,193
0,442
0,192
0,326
0,63
0,367
0,62
0,324
0,61
0,391
0,60
0,59
0,58
0,319
0,57
0,389
0,56
0,317
0,55
0,312
0,54
0,363
0,53
0,309
0,52
0,315
0,51
0,443
0,50
0,313
0,49
0,383
0,48
0,311
0,47
0,362
0,46
0,306
0,45
0,6
0,5
0,325
0,11
0,4
0,2
0,3
0,7
